[self pic 2 final.jpg]
filters=finetune2=1,0.263158,0.000000,0.022456,00000000,0.000000;
moddate=8cc1661ab49ed901
width=400
height=500
textactive=0
[self pic 2 final.1.jpg]
filters=crop64=1,ffffee97;
crop=rect64(ffffee97)
moddate=97f0674696efd901
width=400
height=500
textactive=0
